0 0 0 0 0 0 0 0 0 0 0 0 0 0 0 0
0 0 0 0 0 0 0 0 0 0 0 0 0 0 0 0
0 0 0 0 0 0 0 0 0 9 9 9 9 0 0 0
0 0 0 0 0 0 0 0 0 0 0 0 7 9 0 0
0 0 0 0 0 0 0 0 0 0 0 0 7 9 0 0
0 0 0 9 0 0 0 0 0 9 9 9 9 0 0 0
0 4 9 7 0 0 0 0 0 0 0 0 0 0 0 0
0 4 9 7 0 0 0 9 6 0 5 0 0 0 0 0
0 4 9 7 0 0 0 9 6 0 5 0 0 0 0 0
0 4 9 7 0 0 0 0 0 0 0 0 0 0 0 0
0 0 0 9 0 0 0 0 0 9 9 9 9 0 0 0
0 0 0 0 0 0 0 0 0 0 0 0 7 9 0 0
0 0 0 0 0 0 0 0 0 0 0 0 7 9 0 0
0 0 0 0 0 0 0 0 0 9 9 9 9 0 0 0
0 0 0 0 0 0 0 0 0 0 0 0 0 0 0 0
0 0 0 0 0 0 0 0 0 0 0 0 0 0 0 0